,Date,location_key,new_hospitalized_patients,cumulative_hospitalized_patients,current_hospitalized_patients,new_intensive_care_patients,cumulative_intensive_care_patients,current_intensive_care_patients,current_ventilator_patients
0,2021-01-01,AR,450,233586,0,87,37363,0,0
1,2021-01-02,AR,575,234161,0,105,37468,0,0
2,2021-01-03,AR,504,234665,0,89,37557,0,0
3,2021-01-04,AR,759,235424,0,106,37663,0,0
4,2021-01-05,AR,650,236074,0,113,37776,0,0
5,2021-01-06,AR,680,236754,0,127,37903,0,0
6,2021-01-07,AR,649,237403,0,100,38003,0,0
7,2021-01-08,AR,622,238025,0,112,38115,0,0
8,2021-01-09,AR,553,238578,0,97,38212,0,0
9,2021-01-10,AR,557,239135,0,95,38307,0,0
10,2021-01-11,AR,619,239754,0,116,38423,0,0
11,2021-01-12,AR,626,240380,0,124,38547,0,0
12,2021-01-13,AR,678,241058,0,131,38678,0,0
13,2021-01-14,AR,611,241669,0,97,38775,0,0
14,2021-01-15,AR,574,242243,0,116,38891,0,0
15,2021-01-16,AR,516,242759,0,98,38989,0,0
16,2021-01-17,AR,486,243245,0,87,39076,0,0
17,2021-01-18,AR,556,243801,0,95,39171,0,0
18,2021-01-19,AR,597,244398,0,121,39292,0,0
19,2021-01-20,AR,606,245004,0,130,39422,0,0
20,2021-01-21,AR,672,245676,0,144,39566,0,0
21,2021-01-22,AR,524,246200,0,94,39660,0,0
22,2021-01-23,AR,428,246628,0,100,39760,0,0
23,2021-01-24,AR,394,247022,0,89,39849,0,0
24,2021-01-25,AR,622,247644,0,126,39975,0,0
25,2021-01-26,AR,606,248250,0,130,40105,0,0
26,2021-01-27,AR,579,248829,0,111,40216,0,0
27,2021-01-28,AR,501,249330,0,108,40324,0,0
28,2021-01-29,AR,529,249859,0,110,40434,0,0
29,2021-01-30,AR,391,250250,0,76,40510,0,0
30,2021-01-31,AR,369,250619,0,79,40589,0,0
31,2021-02-01,AR,526,251145,0,104,40693,0,0
32,2021-02-02,AR,519,251664,0,112,40805,0,0
33,2021-02-03,AR,572,252236,0,108,40913,0,0
34,2021-02-04,AR,460,252696,0,95,41008,0,0
35,2021-02-05,AR,494,253190,0,109,41117,0,0
36,2021-02-06,AR,429,253619,0,116,41233,0,0
37,2021-02-07,AR,399,254018,0,70,41303,0,0
38,2021-02-08,AR,513,254531,0,89,41392,0,0
39,2021-02-09,AR,517,255048,0,74,41466,0,0
40,2021-02-10,AR,482,255530,0,106,41572,0,0
41,2021-02-11,AR,443,255973,0,94,41666,0,0
42,2021-02-12,AR,499,256472,0,82,41748,0,0
43,2021-02-13,AR,383,256855,0,85,41833,0,0
44,2021-02-14,AR,367,257222,0,74,41907,0,0
45,2021-02-15,AR,388,257610,0,65,41972,0,0
46,2021-02-16,AR,390,258000,0,90,42062,0,0
47,2021-02-17,AR,454,258454,0,81,42143,0,0
48,2021-02-18,AR,444,258898,0,99,42242,0,0
49,2021-02-19,AR,460,259358,0,92,42334,0,0
50,2021-02-20,AR,334,259692,0,74,42408,0,0
51,2021-02-21,AR,366,260058,0,69,42477,0,0
52,2021-02-22,AR,469,260527,0,83,42560,0,0
53,2021-02-23,AR,461,260988,0,91,42651,0,0
54,2021-02-24,AR,473,261461,0,95,42746,0,0
55,2021-02-25,AR,475,261936,0,82,42828,0,0
56,2021-02-26,AR,438,262374,0,71,42899,0,0
57,2021-02-27,AR,385,262759,0,75,42974,0,0
58,2021-02-28,AR,411,263170,0,67,43041,0,0
59,2021-03-01,AR,573,263743,0,97,43138,0,0
60,2021-03-02,AR,495,264238,0,65,43203,0,0
61,2021-03-03,AR,497,264735,0,106,43309,0,0
62,2021-03-04,AR,505,265240,0,97,43406,0,0
63,2021-03-05,AR,418,265658,0,62,43468,0,0
64,2021-03-06,AR,353,266011,0,66,43534,0,0
65,2021-03-07,AR,330,266341,0,72,43606,0,0
66,2021-03-08,AR,495,266836,0,100,43706,0,0
67,2021-03-09,AR,459,267295,0,93,43799,0,0
68,2021-03-10,AR,538,267833,0,99,43898,0,0
69,2021-03-11,AR,476,268309,0,88,43986,0,0
70,2021-03-12,AR,479,268788,0,102,44088,0,0
71,2021-03-13,AR,390,269178,0,98,44186,0,0
72,2021-03-14,AR,400,269578,0,83,44269,0,0
73,2021-03-15,AR,546,270124,0,110,44379,0,0
74,2021-03-16,AR,522,270646,0,93,44472,0,0
75,2021-03-17,AR,502,271148,0,100,44572,0,0
76,2021-03-18,AR,477,271625,0,84,44656,0,0
77,2021-03-19,AR,497,272122,0,101,44757,0,0
78,2021-03-20,AR,416,272538,0,88,44845,0,0
79,2021-03-21,AR,373,272911,0,83,44928,0,0
80,2021-03-22,AR,537,273448,0,99,45027,0,0
81,2021-03-23,AR,589,274037,0,97,45124,0,0
82,2021-03-24,AR,441,274478,0,96,45220,0,0
83,2021-03-25,AR,597,275075,0,133,45353,0,0
84,2021-03-26,AR,553,275628,0,120,45473,0,0
85,2021-03-27,AR,454,276082,0,94,45567,0,0
86,2021-03-28,AR,493,276575,0,93,45660,0,0
87,2021-03-29,AR,601,277176,0,120,45780,0,0
88,2021-03-30,AR,613,277789,0,136,45916,0,0
89,2021-03-31,AR,625,278414,0,103,46019,0,0
90,2021-04-01,AR,584,278998,0,146,46165,0,0
91,2021-04-02,AR,488,279486,0,123,46288,0,0
92,2021-04-03,AR,526,280012,0,123,46411,0,0
93,2021-04-04,AR,609,280621,0,123,46534,0,0
94,2021-04-05,AR,798,281419,0,164,46698,0,0
95,2021-04-06,AR,804,282223,0,154,46852,0,0
96,2021-04-07,AR,798,283021,0,159,47011,0,0
97,2021-04-08,AR,804,283825,0,166,47177,0,0
98,2021-04-09,AR,771,284596,0,140,47317,0,0
99,2021-04-10,AR,727,285323,0,169,47486,0,0
100,2021-04-11,AR,687,286010,0,137,47623,0,0
101,2021-04-12,AR,919,286929,0,194,47817,0,0
102,2021-04-13,AR,966,287895,0,198,48015,0,0
103,2021-04-14,AR,1013,288908,0,188,48203,0,0
104,2021-04-15,AR,929,289837,0,177,48380,0,0
105,2021-04-16,AR,1026,290863,0,196,48576,0,0
106,2021-04-17,AR,846,291709,0,185,48761,0,0
107,2021-04-18,AR,796,292505,0,177,48938,0,0
108,2021-04-19,AR,1019,293524,0,216,49154,0,0
109,2021-04-20,AR,991,294515,0,212,49366,0,0
110,2021-04-21,AR,999,295514,0,196,49562,0,0
111,2021-04-22,AR,995,296509,0,209,49771,0,0
112,2021-04-23,AR,923,297432,0,174,49945,0,0
113,2021-04-24,AR,825,298257,0,178,50123,0,0
114,2021-04-25,AR,759,299016,0,178,50301,0,0
115,2021-04-26,AR,1016,300032,0,254,50555,0,0
116,2021-04-27,AR,922,300954,0,208,50763,0,0
117,2021-04-28,AR,1023,301977,0,209,50972,0,0
118,2021-04-29,AR,922,302899,0,209,51181,0,0
119,2021-04-30,AR,863,303762,0,189,51370,0,0
120,2021-05-01,AR,763,304525,0,174,51544,0,0
121,2021-05-02,AR,803,305328,0,188,51732,0,0
122,2021-05-03,AR,1027,306355,0,221,51953,0,0
123,2021-05-04,AR,846,307201,0,175,52128,0,0
124,2021-05-05,AR,969,308170,0,230,52358,0,0
125,2021-05-06,AR,902,309072,0,215,52573,0,0
126,2021-05-07,AR,934,310006,0,206,52779,0,0
127,2021-05-08,AR,834,310840,0,205,52984,0,0
128,2021-05-09,AR,773,311613,0,166,53150,0,0
129,2021-05-10,AR,1063,312676,0,241,53391,0,0
130,2021-05-11,AR,998,313674,0,228,53619,0,0
131,2021-05-12,AR,1075,314749,0,229,53848,0,0
132,2021-05-13,AR,1050,315799,0,209,54057,0,0
133,2021-05-14,AR,987,316786,0,213,54270,0,0
134,2021-05-15,AR,935,317721,0,210,54480,0,0
135,2021-05-16,AR,903,318624,0,190,54670,0,0
136,2021-05-17,AR,1195,319819,0,221,54891,0,0
137,2021-05-18,AR,1148,320967,0,261,55152,0,0
138,2021-05-19,AR,1232,322199,0,280,55432,0,0
139,2021-05-20,AR,1222,323421,0,292,55724,0,0
140,2021-05-21,AR,1116,324537,0,261,55985,0,0
141,2021-05-22,AR,1045,325582,0,257,56242,0,0
142,2021-05-23,AR,942,326524,0,213,56455,0,0
143,2021-05-24,AR,1112,327636,0,246,56701,0,0
144,2021-05-25,AR,1163,328799,0,284,56985,0,0
145,2021-05-26,AR,1332,330131,0,252,57237,0,0
146,2021-05-27,AR,1314,331445,0,245,57482,0,0
147,2021-05-28,AR,1287,332732,0,303,57785,0,0
148,2021-05-29,AR,1104,333836,0,262,58047,0,0
149,2021-05-30,AR,1014,334850,0,271,58318,0,0
150,2021-05-31,AR,1293,336143,0,262,58580,0,0
151,2021-06-01,AR,1292,337435,0,277,58857,0,0
152,2021-06-02,AR,1257,338692,0,281,59138,0,0
153,2021-06-03,AR,1257,339949,0,250,59388,0,0
154,2021-06-04,AR,1231,341180,0,259,59647,0,0
155,2021-06-05,AR,977,342157,0,264,59911,0,0
156,2021-06-06,AR,968,343125,0,233,60144,0,0
157,2021-06-07,AR,1181,344306,0,247,60391,0,0
158,2021-06-08,AR,1170,345476,0,246,60637,0,0
159,2021-06-09,AR,1163,346639,0,265,60902,0,0
160,2021-06-10,AR,1168,347807,0,251,61153,0,0
161,2021-06-11,AR,996,348803,0,222,61375,0,0
162,2021-06-12,AR,925,349728,0,223,61598,0,0
163,2021-06-13,AR,853,350581,0,212,61810,0,0
164,2021-06-14,AR,1053,351634,0,214,62024,0,0
165,2021-06-15,AR,987,352621,0,218,62242,0,0
166,2021-06-16,AR,933,353554,0,206,62448,0,0
167,2021-06-17,AR,916,354470,0,209,62657,0,0
168,2021-06-18,AR,931,355401,0,200,62857,0,0
169,2021-06-19,AR,791,356192,0,175,63032,0,0
170,2021-06-20,AR,728,356920,0,192,63224,0,0
171,2021-06-21,AR,833,357753,0,169,63393,0,0
172,2021-06-22,AR,1032,358785,0,232,63625,0,0
173,2021-06-23,AR,976,359761,0,211,63836,0,0
174,2021-06-24,AR,911,360672,0,179,64015,0,0
175,2021-06-25,AR,819,361491,0,174,64189,0,0
176,2021-06-26,AR,785,362276,0,156,64345,0,0
177,2021-06-27,AR,644,362920,0,149,64494,0,0
178,2021-06-28,AR,895,363815,0,203,64697,0,0
179,2021-06-29,AR,855,364670,0,167,64864,0,0
180,2021-06-30,AR,955,365625,0,197,65061,0,0
181,2021-07-01,AR,846,366471,0,160,65221,0,0
182,2021-07-02,AR,858,367329,0,162,65383,0,0
183,2021-07-03,AR,679,368008,0,141,65524,0,0
184,2021-07-04,AR,687,368695,0,145,65669,0,0
185,2021-07-05,AR,922,369617,0,186,65855,0,0
186,2021-07-06,AR,918,370535,0,186,66041,0,0
187,2021-07-07,AR,891,371426,0,173,66214,0,0
188,2021-07-08,AR,817,372243,0,162,66376,0,0
189,2021-07-09,AR,732,372975,0,143,66519,0,0
190,2021-07-10,AR,669,373644,0,142,66661,0,0
191,2021-07-11,AR,666,374310,0,125,66786,0,0
192,2021-07-12,AR,967,375277,0,180,66966,0,0
193,2021-07-13,AR,875,376152,0,141,67107,0,0
194,2021-07-14,AR,862,377014,0,174,67281,0,0
195,2021-07-15,AR,732,377746,0,164,67445,0,0
196,2021-07-16,AR,708,378454,0,137,67582,0,0
197,2021-07-17,AR,624,379078,0,141,67723,0,0
198,2021-07-18,AR,559,379637,0,112,67835,0,0
199,2021-07-19,AR,822,380459,0,165,68000,0,0
200,2021-07-20,AR,712,381171,0,145,68145,0,0
201,2021-07-21,AR,748,381919,0,113,68258,0,0
202,2021-07-22,AR,726,382645,0,140,68398,0,0
203,2021-07-23,AR,703,383348,0,137,68535,0,0
204,2021-07-24,AR,603,383951,0,101,68636,0,0
205,2021-07-25,AR,505,384456,0,108,68744,0,0
206,2021-07-26,AR,768,385224,0,139,68883,0,0
207,2021-07-27,AR,652,385876,0,132,69015,0,0
208,2021-07-28,AR,653,386529,0,107,69122,0,0
209,2021-07-29,AR,616,387145,0,109,69231,0,0
210,2021-07-30,AR,642,387787,0,117,69348,0,0
211,2021-07-31,AR,545,388332,0,121,69469,0,0
212,2021-08-01,AR,454,388786,0,96,69565,0,0
213,2021-08-02,AR,778,389564,0,126,69691,0,0
214,2021-08-03,AR,719,390283,0,126,69817,0,0
215,2021-08-04,AR,661,390944,0,113,69930,0,0
216,2021-08-05,AR,595,391539,0,118,70048,0,0
217,2021-08-06,AR,627,392166,0,125,70173,0,0
218,2021-08-07,AR,538,392704,0,106,70279,0,0
219,2021-08-08,AR,474,393178,0,105,70384,0,0
220,2021-08-09,AR,617,393795,0,107,70491,0,0
221,2021-08-10,AR,630,394425,0,113,70604,0,0
222,2021-08-11,AR,597,395022,0,95,70699,0,0
223,2021-08-12,AR,565,395587,0,104,70803,0,0
224,2021-08-13,AR,504,396091,0,84,70887,0,0
225,2021-08-14,AR,465,396556,0,94,70981,0,0
226,2021-08-15,AR,439,396995,0,95,71076,0,0
227,2021-08-16,AR,473,397468,0,91,71167,0,0
228,2021-08-17,AR,621,398089,0,89,71256,0,0
229,2021-08-18,AR,621,398710,0,102,71358,0,0
230,2021-08-19,AR,529,399239,0,99,71457,0,0
231,2021-08-20,AR,494,399733,0,80,71537,0,0
232,2021-08-21,AR,404,400137,0,63,71600,0,0
233,2021-08-22,AR,417,400554,0,68,71668,0,0
234,2021-08-23,AR,525,401079,0,75,71743,0,0
235,2021-08-24,AR,539,401618,0,87,71830,0,0
236,2021-08-25,AR,494,402112,0,79,71909,0,0
237,2021-08-26,AR,449,402561,0,75,71984,0,0
238,2021-08-27,AR,418,402979,0,67,72051,0,0
239,2021-08-28,AR,392,403371,0,69,72120,0,0
240,2021-08-29,AR,379,403750,0,54,72174,0,0
241,2021-08-30,AR,561,404311,0,64,72238,0,0
242,2021-08-31,AR,545,404856,0,80,72318,0,0
243,2021-09-01,AR,457,405313,0,66,72384,0,0
244,2021-09-02,AR,420,405733,0,63,72447,0,0
245,2021-09-03,AR,373,406106,0,57,72504,0,0
246,2021-09-04,AR,312,406418,0,45,72549,0,0
247,2021-09-05,AR,292,406710,0,51,72600,0,0
248,2021-09-06,AR,443,407153,0,63,72663,0,0
249,2021-09-07,AR,392,407545,0,65,72728,0,0
250,2021-09-08,AR,410,407955,0,60,72788,0,0
251,2021-09-09,AR,374,408329,0,54,72842,0,0
252,2021-09-10,AR,377,408706,0,55,72897,0,0
253,2021-09-11,AR,264,408970,0,41,72938,0,0
254,2021-09-12,AR,256,409226,0,32,72970,0,0
255,2021-09-13,AR,468,409694,0,58,73028,0,0
256,2021-09-14,AR,341,410035,0,38,73066,0,0
257,2021-09-15,AR,348,410383,0,39,73105,0,0
258,2021-09-16,AR,321,410704,0,45,73150,0,0
259,2021-09-17,AR,344,411048,0,40,73190,0,0
260,2021-09-18,AR,297,411345,0,41,73231,0,0
261,2021-09-19,AR,284,411629,0,32,73263,0,0
262,2021-09-20,AR,374,412003,0,38,73301,0,0
263,2021-09-21,AR,349,412352,0,42,73343,0,0
264,2021-09-22,AR,303,412655,0,36,73379,0,0
265,2021-09-23,AR,317,412972,0,40,73419,0,0
266,2021-09-24,AR,227,413199,0,25,73444,0,0
267,2021-09-25,AR,201,413400,0,25,73469,0,0
268,2021-09-26,AR,233,413633,0,29,73498,0,0
269,2021-09-27,AR,328,413961,0,43,73541,0,0
270,2021-09-28,AR,263,414224,0,28,73569,0,0
271,2021-09-29,AR,310,414534,0,33,73602,0,0
272,2021-09-30,AR,263,414797,0,41,73643,0,0
273,2021-10-01,AR,259,415056,0,36,73679,0,0
274,2021-10-02,AR,200,415256,0,26,73705,0,0
275,2021-10-03,AR,262,415518,0,26,73731,0,0
276,2021-10-04,AR,315,415833,0,29,73760,0,0
277,2021-10-05,AR,273,416106,0,41,73801,0,0
278,2021-10-06,AR,319,416425,0,36,73837,0,0
279,2021-10-07,AR,226,416651,0,24,73861,0,0
280,2021-10-08,AR,201,416852,0,28,73889,0,0
281,2021-10-09,AR,199,417051,0,24,73913,0,0
282,2021-10-10,AR,198,417249,0,26,73939,0,0
283,2021-10-11,AR,234,417483,0,24,73963,0,0
284,2021-10-12,AR,337,417820,0,44,74007,0,0
285,2021-10-13,AR,327,418147,0,41,74048,0,0
286,2021-10-14,AR,290,418437,0,30,74078,0,0
287,2021-10-15,AR,245,418682,0,30,74108,0,0
288,2021-10-16,AR,174,418856,0,18,74126,0,0
289,2021-10-17,AR,212,419068,0,19,74145,0,0
290,2021-10-18,AR,287,419355,0,44,74189,0,0
291,2021-10-19,AR,270,419625,0,25,74214,0,0
292,2021-10-20,AR,312,419937,0,32,74246,0,0
293,2021-10-21,AR,254,420191,0,33,74279,0,0
294,2021-10-22,AR,240,420431,0,31,74310,0,0
295,2021-10-23,AR,196,420627,0,31,74341,0,0
296,2021-10-24,AR,199,420826,0,20,74361,0,0
297,2021-10-25,AR,282,421108,0,39,74400,0,0
298,2021-10-26,AR,293,421401,0,34,74434,0,0
299,2021-10-27,AR,262,421663,0,25,74459,0,0
300,2021-10-28,AR,275,421938,0,35,74494,0,0
301,2021-10-29,AR,270,422208,0,34,74528,0,0
302,2021-10-30,AR,204,422412,0,17,74545,0,0
303,2021-10-31,AR,197,422609,0,15,74560,0,0
304,2021-11-01,AR,274,422883,0,31,74591,0,0
305,2021-11-02,AR,268,423151,0,26,74617,0,0
306,2021-11-03,AR,296,423447,0,43,74660,0,0
307,2021-11-04,AR,239,423686,0,33,74693,0,0
308,2021-11-05,AR,189,423875,0,25,74718,0,0
309,2021-11-06,AR,144,424019,0,15,74733,0,0
310,2021-11-07,AR,164,424183,0,23,74756,0,0
311,2021-11-08,AR,281,424464,0,33,74789,0,0
312,2021-11-09,AR,282,424746,0,36,74825,0,0
313,2021-11-10,AR,237,424983,0,31,74856,0,0
314,2021-11-11,AR,235,425218,0,21,74877,0,0
315,2021-11-12,AR,211,425429,0,21,74898,0,0
316,2021-11-13,AR,195,425624,0,23,74921,0,0
317,2021-11-14,AR,181,425805,0,19,74940,0,0
318,2021-11-15,AR,288,426093,0,27,74967,0,0
319,2021-11-16,AR,247,426340,0,38,75005,0,0
320,2021-11-17,AR,229,426569,0,31,75036,0,0
321,2021-11-18,AR,253,426822,0,38,75074,0,0
322,2021-11-19,AR,176,426998,0,27,75101,0,0
323,2021-11-20,AR,156,427154,0,17,75118,0,0
324,2021-11-21,AR,151,427305,0,25,75143,0,0
325,2021-11-22,AR,197,427502,0,35,75178,0,0
326,2021-11-23,AR,231,427733,0,44,75222,0,0
327,2021-11-24,AR,244,427977,0,30,75252,0,0
328,2021-11-25,AR,292,428269,0,37,75289,0,0
329,2021-11-26,AR,220,428489,0,27,75316,0,0
330,2021-11-27,AR,198,428687,0,22,75338,0,0
331,2021-11-28,AR,189,428876,0,45,75383,0,0
332,2021-11-29,AR,242,429118,0,32,75415,0,0
333,2021-11-30,AR,268,429386,0,31,75446,0,0
334,2021-12-01,AR,251,429637,0,25,75471,0,0
335,2021-12-02,AR,232,429869,0,29,75500,0,0
336,2021-12-03,AR,190,430059,0,18,75518,0,0
337,2021-12-04,AR,183,430242,0,32,75550,0,0
338,2021-12-05,AR,174,430416,0,28,75578,0,0
339,2021-12-06,AR,278,430694,0,36,75614,0,0
340,2021-12-07,AR,226,430920,0,34,75648,0,0
341,2021-12-08,AR,206,431126,0,30,75678,0,0
342,2021-12-09,AR,241,431367,0,22,75700,0,0
343,2021-12-10,AR,212,431579,0,18,75718,0,0
344,2021-12-11,AR,175,431754,0,19,75737,0,0
345,2021-12-12,AR,194,431948,0,26,75763,0,0
346,2021-12-13,AR,263,432211,0,39,75802,0,0
347,2021-12-14,AR,259,432470,0,44,75846,0,0
348,2021-12-15,AR,244,432714,0,50,75896,0,0
349,2021-12-16,AR,215,432929,0,37,75933,0,0
350,2021-12-17,AR,184,433113,0,38,75971,0,0
351,2021-12-18,AR,173,433286,0,34,76005,0,0
352,2021-12-19,AR,191,433477,0,30,76035,0,0
353,2021-12-20,AR,279,433756,0,47,76082,0,0
354,2021-12-21,AR,264,434020,0,38,76120,0,0
355,2021-12-22,AR,233,434253,0,41,76161,0,0
356,2021-12-23,AR,225,434478,0,35,76196,0,0
357,2021-12-24,AR,166,434644,0,29,76225,0,0
358,2021-12-25,AR,188,434832,0,27,76252,0,0
359,2021-12-26,AR,254,435086,0,31,76283,0,0
360,2021-12-27,AR,359,435445,0,60,76343,0,0
361,2021-12-28,AR,396,435841,0,63,76406,0,0
362,2021-12-29,AR,368,436209,0,50,76456,0,0
363,2021-12-30,AR,336,436545,0,61,76517,0,0
364,2021-12-31,AR,284,436829,0,54,76571,0,0
